FT test 2

INSERT TESTS
Int constructor
Int constructor
Int constructor
size : 201, capacity : 201
12 12 12 12 12 12 12 12 12 12 
12 12 12 12 12 12 12 12 12 12 
12 12 12 12 12 12 12 12 12 12 
12 12 12 12 12 12 12 12 12 12 
12 12 12 12 12 12 12 12 12 12 
12 12 12 12 12 12 12 12 12 12 
12 12 12 12 12 12 12 12 12 12 
12 12 12 12 12 12 12 12 12 12 
12 12 12 12 12 12 12 12 12 12 
12 12 12 12 12 12 12 12 12 12 
12 12 12 12 12 12 12 12 12 12 
12 12 12 12 12 12 12 12 12 12 
12 12 12 12 12 12 12 12 12 12 
12 12 12 12 12 12 12 12 12 12 
12 12 12 12 12 12 12 12 12 12 
12 12 12 12 12 12 12 12 12 12 
12 12 12 12 12 12 12 12 12 12 
12 12 12 12 12 12 12 12 12 12 
12 12 12 12 12 12 12 12 12 12 
12 12 12 12 12 12 12 12 12 12 
1 
Int constructor
size : 401, capacity : 402
12 12 12 12 12 12 12 12 12 12 
12 12 30 30 30 30 30 30 30 30 
30 30 30 30 30 30 30 30 30 30 
30 30 30 30 30 30 30 30 30 30 
30 30 30 30 30 30 30 30 30 30 
30 30 30 30 30 30 30 30 30 30 
30 30 30 30 30 30 30 30 30 30 
30 30 30 30 30 30 30 30 30 30 
30 30 30 30 30 30 30 30 30 30 
30 30 30 30 30 30 30 30 30 30 
30 30 30 30 30 30 30 30 30 30 
30 30 30 30 30 30 30 30 30 30 
30 30 30 30 30 30 30 30 30 30 
30 30 30 30 30 30 30 30 30 30 
30 30 30 30 30 30 30 30 30 30 
30 30 30 30 30 30 30 30 30 30 
30 30 30 30 30 30 30 30 30 30 
30 30 30 30 30 30 30 30 30 30 
30 30 30 30 30 30 30 30 30 30 
30 30 30 30 30 30 30 30 30 30 
30 30 30 30 30 30 30 30 30 30 
30 30 12 12 12 12 12 12 12 12 
12 12 12 12 12 12 12 12 12 12 
12 12 12 12 12 12 12 12 12 12 
12 12 12 12 12 12 12 12 12 12 
12 12 12 12 12 12 12 12 12 12 
12 12 12 12 12 12 12 12 12 12 
12 12 12 12 12 12 12 12 12 12 
12 12 12 12 12 12 12 12 12 12 
12 12 12 12 12 12 12 12 12 12 
12 12 12 12 12 12 12 12 12 12 
12 12 12 12 12 12 12 12 12 12 
12 12 12 12 12 12 12 12 12 12 
12 12 12 12 12 12 12 12 12 12 
12 12 12 12 12 12 12 12 12 12 
12 12 12 12 12 12 12 12 12 12 
12 12 12 12 12 12 12 12 12 12 
12 12 12 12 12 12 12 12 12 12 
12 12 12 12 12 12 12 12 12 12 
12 12 12 12 12 12 12 12 12 12 
1 
Int constructor
size : 413, capacity : 802
12 12 12 12 12 12 12 12 12 12 
12 12 30 30 30 30 30 30 30 30 
30 30 30 30 30 30 30 30 30 30 
30 30 30 30 30 30 30 30 30 30 
30 30 30 30 30 30 30 30 30 30 
30 30 30 30 30 30 30 30 30 30 
30 30 30 30 30 30 30 30 30 30 
30 30 30 30 30 30 30 30 30 30 
30 30 30 30 30 30 30 30 30 30 
30 30 30 30 30 30 30 30 30 30 
30 30 30 30 30 30 30 30 30 30 
30 30 30 30 30 30 30 30 30 30 
30 30 30 30 30 30 30 30 30 30 
30 30 30 30 30 30 30 30 30 30 
30 30 30 30 30 30 30 30 30 30 
30 30 30 30 30 30 30 30 30 30 
30 30 30 30 30 30 30 30 30 30 
30 30 30 30 30 30 30 30 30 30 
30 30 30 30 30 30 30 30 30 30 
30 30 30 30 30 30 30 30 30 30 
30 30 30 30 30 30 30 30 30 30 
30 30 12 12 12 12 12 12 12 12 
12 12 12 12 12 12 12 12 12 12 
12 12 12 12 12 12 12 12 12 12 
12 12 12 12 12 12 12 12 12 12 
12 12 12 12 12 12 12 12 12 12 
12 12 12 12 12 12 12 12 12 12 
12 12 12 12 12 12 12 12 12 12 
12 12 12 12 12 12 12 12 12 12 
12 12 12 12 12 12 12 12 12 12 
12 12 12 12 12 12 12 12 12 12 
12 12 12 12 12 12 12 12 12 12 
12 12 12 12 12 12 12 12 12 12 
12 12 12 12 12 12 12 12 12 12 
12 12 12 12 12 12 12 12 12 12 
12 12 12 12 12 12 12 12 12 12 
12 12 12 12 12 12 12 12 12 12 
12 12 12 12 12 12 12 12 12 12 
12 12 12 12 12 12 12 12 12 12 
12 12 12 12 12 12 12 12 12 12 
1 50 50 50 50 50 50 50 50 50 
50 50 50 
Int constructor
size : 413, capacity : 802
12 12 12 12 12 12 12 12 12 12 
12 12 30 30 30 30 30 30 30 30 
30 30 30 30 30 30 30 30 30 30 
30 30 30 30 30 30 30 30 30 30 
30 30 30 30 30 30 30 30 30 30 
30 30 30 30 30 30 30 30 30 30 
30 30 30 30 30 30 30 30 30 30 
30 30 30 30 30 30 30 30 30 30 
30 30 30 30 30 30 30 30 30 30 
30 30 30 30 30 30 30 30 30 30 
30 30 30 30 30 30 30 30 30 30 
30 30 30 30 30 30 30 30 30 30 
30 30 30 30 30 30 30 30 30 30 
30 30 30 30 30 30 30 30 30 30 
30 30 30 30 30 30 30 30 30 30 
30 30 30 30 30 30 30 30 30 30 
30 30 30 30 30 30 30 30 30 30 
30 30 30 30 30 30 30 30 30 30 
30 30 30 30 30 30 30 30 30 30 
30 30 30 30 30 30 30 30 30 30 
30 30 30 30 30 30 30 30 30 30 
30 30 12 12 12 12 12 12 12 12 
12 12 12 12 12 12 12 12 12 12 
12 12 12 12 12 12 12 12 12 12 
12 12 12 12 12 12 12 12 12 12 
12 12 12 12 12 12 12 12 12 12 
12 12 12 12 12 12 12 12 12 12 
12 12 12 12 12 12 12 12 12 12 
12 12 12 12 12 12 12 12 12 12 
12 12 12 12 12 12 12 12 12 12 
12 12 12 12 12 12 12 12 12 12 
12 12 12 12 12 12 12 12 12 12 
12 12 12 12 12 12 12 12 12 12 
12 12 12 12 12 12 12 12 12 12 
12 12 12 12 12 12 12 12 12 12 
12 12 12 12 12 12 12 12 12 12 
12 12 12 12 12 12 12 12 12 12 
12 12 12 12 12 12 12 12 12 12 
12 12 12 12 12 12 12 12 12 12 
12 12 12 12 12 12 12 12 12 12 
1 50 50 50 50 50 50 50 50 50 
50 50 50 
Int constructor
size : 414, capacity : 802
12 12 12 12 12 12 12 12 12 12 
12 12 30 30 30 30 30 30 30 30 
30 30 30 30 30 30 30 30 30 30 
30 30 30 30 30 30 30 30 30 30 
30 30 30 30 30 30 30 30 30 30 
30 30 30 30 30 30 30 30 30 30 
30 30 30 30 30 30 30 30 30 30 
30 30 30 30 30 30 30 30 30 30 
30 30 30 30 30 30 30 30 30 30 
30 30 30 30 30 30 30 30 30 30 
30 30 30 30 30 30 30 30 30 30 
30 30 30 30 30 30 30 30 30 30 
30 30 30 30 30 30 30 30 30 30 
30 30 30 30 30 30 30 30 30 30 
30 30 30 30 30 30 30 30 30 30 
30 30 30 30 30 30 30 30 30 30 
30 30 30 30 30 30 30 30 30 30 
30 30 30 30 30 30 30 30 30 30 
30 30 30 30 30 30 30 30 30 30 
30 30 30 30 30 30 30 30 30 30 
30 30 30 30 30 30 30 30 30 30 
30 30 12 12 12 12 12 12 12 12 
12 12 12 12 12 12 12 12 12 12 
12 12 12 12 12 12 12 12 12 12 
12 12 12 12 12 12 12 12 12 12 
12 12 12 12 12 12 12 12 12 12 
12 12 12 12 12 12 12 12 12 12 
12 12 12 12 12 12 12 12 12 12 
12 12 12 12 12 12 12 12 12 12 
12 12 12 12 12 12 12 12 12 12 
12 12 12 12 12 12 12 12 12 12 
12 12 12 12 12 12 12 12 12 12 
12 12 12 12 12 12 12 12 12 12 
12 12 12 12 12 12 12 12 12 12 
12 12 12 12 12 12 12 12 12 12 
12 12 12 12 12 12 12 12 12 12 
12 12 12 12 12 12 12 12 12 12 
12 12 12 12 12 12 12 12 12 12 
12 12 12 12 12 12 12 12 12 12 
12 12 12 12 12 12 12 12 12 12 
1 50 50 50 50 50 50 50 50 50 
50 50 70 50 
size : 419, capacity : 802
12 12 12 12 12 12 12 12 12 12 
12 12 30 30 30 30 30 30 30 30 
30 30 30 30 30 30 30 30 30 30 
30 30 30 30 30 30 30 30 30 30 
30 30 30 30 30 30 30 30 30 30 
30 30 30 30 30 30 30 30 30 30 
30 30 30 30 30 30 30 30 30 30 
30 30 30 30 30 30 30 30 30 30 
30 30 30 30 30 30 30 30 30 30 
30 30 30 30 30 30 30 30 30 30 
30 30 30 30 30 30 30 30 30 30 
30 30 30 30 30 30 30 30 30 30 
30 30 30 30 30 30 30 30 30 30 
30 30 30 30 30 30 30 30 30 30 
30 30 30 30 30 30 30 30 30 30 
30 30 30 30 30 30 30 30 30 30 
30 30 30 30 30 30 30 30 30 30 
30 30 30 30 30 30 30 30 30 30 
30 30 30 30 30 30 30 30 30 30 
30 30 30 30 30 30 30 30 30 30 
30 30 30 30 30 30 30 30 30 30 
30 30 12 12 12 12 12 12 12 12 
12 12 12 12 12 12 12 12 12 12 
12 12 12 12 12 12 12 12 12 12 
12 12 12 12 12 12 12 12 12 12 
12 12 12 12 12 12 12 12 12 12 
12 12 12 12 12 12 12 12 12 12 
12 12 12 12 12 12 12 12 12 12 
12 12 12 12 12 12 12 12 12 12 
12 12 12 12 12 12 12 12 12 12 
12 12 12 12 12 12 12 12 12 12 
12 12 12 12 12 12 12 12 12 12 
12 12 12 12 12 12 12 12 12 12 
12 12 12 12 12 12 12 12 12 12 
12 12 12 12 12 12 12 12 12 12 
12 12 12 12 12 12 12 12 12 12 
12 12 12 12 12 12 12 12 12 12 
12 12 12 12 12 12 12 12 12 12 
12 12 12 12 12 12 12 12 12 12 
12 12 12 12 12 12 12 12 12 12 
1 50 50 50 50 50 50 50 50 50 
50 50 5 5 5 5 5 70 50 
size : 424, capacity : 802
12 12 12 12 12 12 5 5 5 5 
5 12 12 12 12 12 12 30 30 30 
30 30 30 30 30 30 30 30 30 30 
30 30 30 30 30 30 30 30 30 30 
30 30 30 30 30 30 30 30 30 30 
30 30 30 30 30 30 30 30 30 30 
30 30 30 30 30 30 30 30 30 30 
30 30 30 30 30 30 30 30 30 30 
30 30 30 30 30 30 30 30 30 30 
30 30 30 30 30 30 30 30 30 30 
30 30 30 30 30 30 30 30 30 30 
30 30 30 30 30 30 30 30 30 30 
30 30 30 30 30 30 30 30 30 30 
30 30 30 30 30 30 30 30 30 30 
30 30 30 30 30 30 30 30 30 30 
30 30 30 30 30 30 30 30 30 30 
30 30 30 30 30 30 30 30 30 30 
30 30 30 30 30 30 30 30 30 30 
30 30 30 30 30 30 30 30 30 30 
30 30 30 30 30 30 30 30 30 30 
30 30 30 30 30 30 30 30 30 30 
30 30 30 30 30 30 30 12 12 12 
12 12 12 12 12 12 12 12 12 12 
12 12 12 12 12 12 12 12 12 12 
12 12 12 12 12 12 12 12 12 12 
12 12 12 12 12 12 12 12 12 12 
12 12 12 12 12 12 12 12 12 12 
12 12 12 12 12 12 12 12 12 12 
12 12 12 12 12 12 12 12 12 12 
12 12 12 12 12 12 12 12 12 12 
12 12 12 12 12 12 12 12 12 12 
12 12 12 12 12 12 12 12 12 12 
12 12 12 12 12 12 12 12 12 12 
12 12 12 12 12 12 12 12 12 12 
12 12 12 12 12 12 12 12 12 12 
12 12 12 12 12 12 12 12 12 12 
12 12 12 12 12 12 12 12 12 12 
12 12 12 12 12 12 12 12 12 12 
12 12 12 12 12 12 12 12 12 12 
12 12 12 12 12 12 12 12 12 12 
12 12 12 12 12 1 50 50 50 50 
50 50 50 50 50 50 50 5 5 5 
5 5 70 50 
size : 429, capacity : 802
12 12 12 12 12 12 5 5 5 5 
5 12 12 12 12 12 12 30 30 30 
30 30 30 30 30 30 30 30 30 30 
30 30 30 30 30 30 30 30 30 30 
30 30 30 30 30 30 30 30 30 30 
30 30 30 30 30 30 30 30 30 30 
30 30 30 30 30 30 30 30 30 30 
30 30 30 30 30 30 30 30 30 30 
30 30 30 30 30 30 30 30 30 30 
30 30 30 30 30 30 30 30 30 30 
30 30 30 30 30 30 30 30 30 30 
30 30 30 30 30 30 30 30 30 30 
30 30 30 30 30 30 30 30 30 30 
30 30 30 30 30 30 30 30 30 30 
30 30 30 30 30 30 30 30 30 30 
30 30 30 30 30 30 30 30 30 30 
30 30 30 30 30 30 30 30 30 30 
30 30 30 30 30 30 30 30 30 30 
30 30 30 30 30 30 30 30 30 30 
30 30 30 30 30 30 30 30 30 30 
30 30 30 30 30 30 30 30 30 30 
30 30 30 30 30 30 30 12 12 12 
12 12 12 12 12 12 12 12 12 12 
12 12 12 12 12 12 12 12 12 12 
12 12 12 12 12 12 12 12 12 12 
12 12 12 12 12 12 12 12 12 12 
12 12 12 12 12 12 12 12 12 12 
12 12 12 12 12 12 12 12 12 12 
12 12 12 12 12 12 12 12 12 12 
12 12 12 12 12 12 12 12 12 12 
12 12 12 12 12 12 12 12 12 12 
12 12 12 12 12 12 12 12 12 12 
12 12 12 12 12 12 12 12 12 12 
12 12 12 12 12 12 12 12 12 12 
12 12 12 12 12 12 12 12 12 12 
12 12 12 12 12 12 12 12 12 12 
12 12 12 12 12 12 12 12 12 12 
12 12 12 12 12 12 12 12 12 12 
12 12 12 12 12 12 12 12 12 12 
12 12 12 12 12 12 12 12 12 12 
12 12 12 12 12 1 50 50 50 50 
50 50 50 50 50 50 50 5 5 5 
5 5 70 50 5 5 5 5 5 
